Top-K邻居列表(紧凑格式)
================================================================================

节点  0 → [ 0  1  2  3  4  6  7 11 12 14 16 17 18 19 20 22 23 24 25 26]
节点  1 → [ 1  4  5  6  8  9 11 12 14 15 16 17 18 19 20 22 23 24 25 26]
节点  2 → [ 0  2  3  5  7  8  9 10 12 13 14 15 16 19 20 21 23 24 25 26]
节点  3 → [ 2  3  4  5  7  8  9 10 11 12 13 14 15 16 19 20 21 22 24 26]
节点  4 → [ 0  1  2  3  4  5 11 12 13 15 16 18 19 20 21 22 23 24 25 26]
节点  5 → [ 1  2  3  4  5  7  8  9 10 11 12 13 14 15 16 19 21 23 24 26]
节点  6 → [ 0  1  2  3  4  6  7  8 10 11 12 14 17 18 20 21 23 24 25 26]
节点  7 → [ 0  2  3  5  7  8  9 10 12 13 14 15 16 17 19 21 22 23 24 26]
节点  8 → [ 1  2  3  5  7  8  9 10 12 13 14 15 16 17 19 21 23 24 25 26]
节点  9 → [ 1  2  3  5  7  8  9 10 12 13 14 15 16 17 19 21 22 23 25 26]
节点 10 → [ 2  3  5  7  8  9 10 12 13 14 15 16 17 19 20 21 23 24 25 26]
节点 11 → [ 1  2  3  4  5  6 11 12 13 14 15 17 18 20 21 22 23 24 25 26]
节点 12 → [ 0  2  3  4  5  7  8  9 10 12 13 14 15 16 19 20 21 23 24 26]
节点 13 → [ 2  3  4  5  7  8  9 10 12 13 14 15 16 19 20 21 23 24 25 26]
节点 14 → [ 1  2  3  5  7  8  9 10 12 13 14 15 16 17 19 21 23 24 25 26]
节点 15 → [ 1  2  3  5  7  8  9 10 11 12 13 14 15 16 17 19 21 23 24 26]
节点 16 → [ 1  2  3  5  7  8  9 10 12 13 14 15 16 17 19 21 23 24 25 26]
节点 17 → [ 0  1  2  5  6  7  8  9 10 11 14 15 16 17 18 19 20 22 23 25]
节点 18 → [ 0  1  2  3  4  5  6  8  9 11 12 17 18 19 20 22 23 24 25 26]
节点 19 → [ 2  3  4  5  7  8  9 10 12 13 14 15 16 17 19 21 22 23 24 26]
节点 20 → [ 0  1  2  3  4  6 10 11 12 13 16 18 19 20 21 22 23 24 25 26]
节点 21 → [ 2  3  4  5  7  8  9 10 12 13 14 15 16 19 20 21 23 24 25 26]
节点 22 → [ 0  1  2  3  4  5  7  9 11 12 13 15 17 18 19 20 21 22 23 24]
节点 23 → [ 1  2  4  7  8  9 11 12 13 14 15 16 17 19 20 21 22 23 24 26]
节点 24 → [ 2  3  4  5  6  7 10 11 12 13 15 16 18 20 21 22 23 24 25 26]
节点 25 → [ 0  1  2  3  4  6  8  9 10 11 13 16 17 18 20 21 23 24 25 26]
节点 26 → [ 1  2  3  5  6  7  8  9 10 12 13 14 15 16 19 21 23 24 25 26]
