Top-K有向图邻接矩阵
格式说明: 1 = 有边(节点i选择节点j作为Top-K邻居), 空格 = 无边
行 = 源节点(选择者), 列 = 目标节点(被选择)
====================================================================================================

      0  1  2  3  4  5  6  7  8  9 10 11 12 13 14 15 16 17 18 19 20 21 22 23 24 25 26
    ---------------------------------------------------------------------------------
 0 |  1  1  1  1  1     1  1           1  1     1     1  1  1  1  1     1  1  1  1  1
 1 |     1        1  1  1     1  1     1  1     1  1  1  1  1  1  1     1  1  1  1  1
 2 |  1     1  1     1     1  1  1  1     1  1  1  1  1        1  1  1     1  1  1  1
 3 |        1  1  1  1     1  1  1  1  1  1  1  1  1  1        1  1  1  1     1     1
 4 |  1  1  1  1  1  1                 1  1  1     1  1     1  1  1  1  1  1  1  1  1
 5 |     1  1  1  1  1     1  1  1  1  1  1  1  1  1  1        1     1     1  1     1
 6 |  1  1  1  1  1     1  1  1     1  1  1     1        1  1     1  1     1  1  1  1
 7 |  1     1  1     1     1  1  1  1     1  1  1  1  1  1     1     1  1  1  1     1
 8 |     1  1  1     1     1  1  1  1     1  1  1  1  1  1     1     1     1  1  1  1
 9 |     1  1  1     1     1  1  1  1     1  1  1  1  1  1     1     1  1  1     1  1
10 |        1  1     1     1  1  1  1     1  1  1  1  1  1     1  1  1     1  1  1  1
11 |     1  1  1  1  1  1              1  1  1  1  1     1  1     1  1  1  1  1  1  1
12 |  1     1  1  1  1     1  1  1  1     1  1  1  1  1        1  1  1     1  1     1
13 |        1  1  1  1     1  1  1  1     1  1  1  1  1        1  1  1     1  1  1  1
14 |     1  1  1     1     1  1  1  1     1  1  1  1  1  1     1     1     1  1  1  1
15 |     1  1  1     1     1  1  1  1  1  1  1  1  1  1  1     1     1     1  1     1
16 |     1  1  1     1     1  1  1  1     1  1  1  1  1  1     1     1     1  1  1  1
17 |  1  1  1        1  1  1  1  1  1  1        1  1  1  1  1  1  1     1  1     1   
18 |  1  1  1  1  1  1  1     1  1     1  1              1  1  1  1     1  1  1  1  1
19 |        1  1  1  1     1  1  1  1     1  1  1  1  1  1     1     1  1  1  1     1
20 |  1  1  1  1  1     1           1  1  1  1        1     1  1  1  1  1  1  1  1  1
21 |        1  1  1  1     1  1  1  1     1  1  1  1  1        1  1  1     1  1  1  1
22 |  1  1  1  1  1  1     1     1     1  1  1     1     1  1  1  1  1  1  1  1      
23 |     1  1     1        1  1  1     1  1  1  1  1  1  1     1  1  1  1  1  1     1
24 |        1  1  1  1  1  1        1  1  1  1     1  1     1     1  1  1  1  1  1  1
25 |  1  1  1  1  1     1     1  1  1  1     1        1  1  1     1  1     1  1  1  1
26 |     1  1  1     1  1  1  1  1  1     1  1  1  1  1        1     1     1  1  1  1

====================================================================================================

统计信息:
  - 节点数: 27
  - 总边数: 540
  - 每个节点平均出度: 20.00
  - 每个节点平均入度: 20.00
  - 双向连接对数: 226
